0 0
0 0
0 0
0 0
0 0
0 0
0 0
0 0
0 0
0 0
0 0
0 0
0 0
0 0
0 0
0 0
0 0
0 0
0 0
0 0
0 0
0 0
0 0
0 0
0 0
0 0
0 0
0 0
0 0
0 0
0 0
0 0
0 0
0 0
0 0
0 0
0 0
0 0
0 0
0 0
0 0
0 0
0 0
0 0
0 0
0 0
0 0
0 0
0 0
0 0
0 0
0 0
-18 0
-18 0
-24 0
-24 0
-24 0
-36 0
-36 0
-36 0
-36 0
-36 0
-36 0
-43 0
-43 0
-45 0
-45 0
-45 0
-45 0
-43 0
-46 0
-46 0
-46 0
-50 0
-50 0
-50 0
-50 0
-50 0
-50 0
-50 0
-50 0
-50 0
-50 0
-34 0
-34 0
-18 0
-18 0
0 0
0 0
0 0
0 0
0 0
0 0
0 0
0 0
0 0
0 0
0 0
0 0
0 0
0 0
0 0
0 0
0 0
0 0
0 0
0 0
0 0
0 0
0 0
0 0
0 0
0 0
0 0
0 0
0 0
0 0
0 0
0 0
0 0
0 0
0 0
0 0
0 0
0 0
0 0
0 0
0 0
0 0
0 0